quots:=[
    [ -1, 1, 3, -1, 1, 1, -1, 1 ],
    [ 2, 1, -1, 0, -2, 7, -3, 0 ],
    [ -1, 2, 2, -1, 1, 0, 0, 1 ],
    [ 0, -2, 4, 0, 0, -2, 4, 0 ],
    [ -1, 3, -1, 1, 1, -1, 3, -1 ],
    [ 0, 3, -2, 1, 0, 1, -2, 3 ],
    [ 4, -2, 0, 0, 4, -2, 0, 0 ],
    [ 1, 0, 2, -1, -1, 2, 0, 1 ],
    [ 1, 0, 0, 1, -1, 2, 2, -1 ],
    [ -4, 10, -4, 0, -4, 10, -4, 0 ],
    [ 0, 1, -2, 3, 0, 3, -2, 1 ],
    [ 0, -2, 7, -3, 0, 2, 1, -1 ],
    [ -3, 7, -2, 0, -1, 1, 2, 0 ],
    [ -1, 2, 0, 1, 1, 0, 2, -1 ],
    [ 0, 2, 1, -1, 0, -2, 7, -3 ],
    [ 0, 0, 0, 0, 8, -4, 0, 0 ],
    [ 1, -1, 3, -1, -1, 3, -1, 1 ],
    [ 8, -4, 0, 0, 0, 0, 0, 0 ],
    [ 1, 1, -1, 1, -1, 1, 3, -1 ],
    [ -2, 7, -3, 0, 2, 1, -1, 0 ],
    [ -1, 1, 2, 0, -3, 7, -2, 0 ]
];

coeffs:=[ 1/2, -1/2, -1/4, -5/2, 1/4, 9/2, 7/16, -1/2, 1/4, 5/32, 9/2, -9/8, 3/2, 1/2, 9/8, -37/64, 1/4, -1/64, 1/2, 1/2, -3/2 ];


