quots:=[
    [ -2, 5, -3, 2, -2, 5, -3, 2 ],
    [ 0, -3, 7, -2, 0, -3, 7, -2 ],
    [ 0, 1, 0, 1, 0, -3, 8, -3 ],
    [ 0, 0, -1, 3, 0, 0, 3, -1 ],
    [ 0, -3, 8, -3, 0, 1, 0, 1 ],
    [ 1, 0, 1, 0, -3, 8, -3, 0 ],
    [ -2, 3, 3, -2, -2, 3, 3, -2 ],
    [ 0, -4, 8, 0, 0, 0, 0, 0 ],
    [ 0, -1, 3, 0, 0, 3, -1, 0 ],
    [ 2, -1, -1, 2, 2, -1, -1, 2 ],
    [ -3, 8, -3, 0, 1, 0, 1, 0 ],
    [ 2, 0, -1, 1, -2, 6, -3, 1 ],
    [ 2, -3, 5, -2, 2, -3, 5, -2 ],
    [ 0, 3, -1, 0, 0, -1, 3, 0 ],
    [ 2, -1, 2, -1, -2, 5, 0, -1 ],
    [ -2, 6, -3, 1, 2, 0, -1, 1 ],
    [ -2, 5, 0, -1, 2, -1, 2, -1 ],
    [ 0, 0, 0, 0, 0, -4, 8, 0 ],
    [ 0, 0, 3, -1, 0, 0, -1, 3 ],
    [ 0, -1, 1, 2, 0, -1, 1, 2 ]
];

coeffs:=[ -3, -5/2, -1, 2, 1, -2, -3/4, 1/2, 1, 3, 2, 7/4, 3/4, 1, -7/8, 7/4, 7/8, 43/2, 2, -10 ];
