quots:=[
    [ 0, 0, -4, 0, 10, -4, -2, 3, 2, -1, 1, -1 ],
    [ 0, 0, 0, 0, 0, 0, -4, 10, -4, -4, 10, -4 ],
    [ 1, -2, 1, 3, 0, -1, 1, -2, 1, 3, 0, -1 ],
    [ 0, 0, 0, 0, 0, 0, 6, -2, -2, -2, -2, 6 ],
    [ 0, -2, -1, 4, 3, -2, -2, 3, 3, -1, -2, 1 ],
    [ 0, 0, 0, 0, 0, 0, -8, 20, 0, -8, 0, 0 ],
    [ -5, 11, -1, -2, 3, -2, 0, 0, 0, 0, 0, 0 ],
    [ 0, 0, 0, 0, 0, 0, -3, 12, 1, -3, -4, 1 ],
    [ -2, 1, 6, 0, -3, 0, -6, 15, 2, -6, -5, 2 ],
    [ 6, -3, -2, 0, 1, 0, 4, -4, -4, 1, 8, -3 ],
    [ 1, -2, -3, 0, 6, 0, 0, -2, 0, 1, 6, -3 ],
    [ 0, -2, 0, 1, 6, -3, 1, -4, -3, 4, 8, -4 ],
    [ 0, 6, 0, -3, -2, 1, 0, -3, 0, 6, 1, -2 ],
    [ 2, -1, 2, 0, -1, 0, 0, 6, 0, -3, -2, 1 ],
    [ 2, -1, 2, 0, -1, 0, 0, -2, 0, 1, 6, -3 ],
    [ 2, 1, -1, -1, 0, 1, 0, -2, -1, 4, 3, -2 ],
    [ 1, -1, 1, 1, -1, 1, 1, -1, 1, 1, -1, 1 ],
    [ 2, -1, 2, 0, -1, 0, 2, -1, 2, 0, -1, 0 ],
    [ 6, -3, -2, 0, 1, 0, -1, -1, 3, 3, -1, -1 ],
    [ 0, 0, 0, 0, 0, 0, 1, -3, -3, 2, 5, 2 ],
    [ -3, 7, 1, -2, -3, 2, 3, -2, -1, 1, 0, 1 ],
    [ -2, 4, 1, -1, 0, 0, 1, 0, -2, 0, 4, -1 ],
    [ 2, 0, 2, -2, -4, 6, 0, 0, 0, 0, 0, 0 ],
    [ 0, 0, 3, 0, -2, 1, 0, -2, 1, 4, 0, -1 ],
    [ -4, 10, 2, -4, -3, 1, 4, -2, -2, 0, 3, -1 ],
    [ -2, 7, 0, -3, 0, 0, -1, 3, 1, -2, -2, 3 ],
    [ 3, 0, -1, -3, -4, 9, 0, 0, 0, 0, 0, 0 ],
    [ -2, 7, 1, -3, -3, 2, 0, -2, 1, 4, 0, -1 ],
    [ -9, 23, 3, -10, -9, 6, 0, 0, 0, 0, 0, 0 ],
    [ 0, -1, 0, 0, 3, 0, 0, 0, 0, -1, 0, 3 ],
    [ -1, 0, 4, 1, -2, 0, 0, 0, 3, 0, -2, 1 ],
    [ 0, 4, 0, -2, 4, -2, 0, 0, 0, 0, 0, 0 ],
    [ -1, 3, 1, -2, -2, 3, 4, -2, -2, 0, 3, -1 ],
    [ -1, 0, 3, 1, -2, 1, -1, 0, 3, 1, -2, 1 ],
    [ -1, 3, 0, -2, -2, 4, -3, 7, 0, -2, 0, 0 ],
    [ -1, 0, 2, 1, 1, -1, -2, 3, 3, -1, -2, 1 ],
    [ 0, 0, 3, 0, -2, 1, -1, 0, 4, 1, -2, 0 ],
    [ 0, 2, 0, -1, -1, 2, 0, -1, 0, 2, 2, -1 ],
    [ 1, -3, -4, 2, 10, -4, 0, 0, -3, 0, 7, -2 ],
    [ -1, 1, 0, 2, 0, 0, 1, -3, -4, 2, 10, -4 ],
    [ -1, 3, 1, -2, -2, 3, 0, 0, 2, 0, 1, -1 ],
    [ 0, -2, 1, 4, 0, -1, 2, -3, -3, 1, 7, -2 ],
    [ 1, 0, 0, -1, -2, 4, 1, -3, -2, 2, 7, -3 ],
    [ 3, -2, -1, 1, 0, 1, 0, -2, 0, 4, 0, 0 ],
    [ -2, 3, 2, -1, 1, -1, -1, 1, -1, 2, 3, -2 ],
    [ 1, -3, -3, 2, 7, -2, -1, 0, 3, 1, -2, 1 ],
    [ 0, 2, 0, 0, -1, 1, 0, -1, 0, 1, 2, 0 ],
    [ -1, 3, -1, -2, 1, 2, -1, 3, -1, -2, 1, 2 ],
    [ 0, 0, 0, 0, 4, -2, 0, 4, 0, -2, 0, 0 ],
    [ 0, -2, 0, 3, 3, -2, 0, 3, 0, -2, -2, 3 ],
    [ -2, 7, 0, -3, 0, 0, 0, 0, -2, 0, 7, -3 ],
    [ -4, 10, 2, -4, -3, 1, 1, -2, -1, 3, 3, -2 ],
    [ 2, 1, -2, -1, 3, -1, 0, 0, -4, 0, 10, -4 ],
    [ 1, -2, -2, 1, 6, -2, -2, 6, 1, -2, -2, 1 ],
    [ -3, 7, 2, -2, -3, 1, 2, -3, -3, 1, 7, -2 ],
    [ 0, 0, 2, 0, 1, -1, -1, 1, 1, 2, 0, -1 ],
    [ 1, -3, -2, 2, 7, -3, 1, 0, 0, -1, -2, 4 ],
    [ -1, 0, 2, 1, 1, -1, -1, 1, 0, 2, 0, 0 ],
    [ 1, 1, 0, 0, 0, 0, 0, 0, 1, 0, 1, 0 ],
    [ 0, -1, 1, 1, 2, -1, 1, 2, 0, -1, -1, 1 ],
    [ 1, -3, -2, 3, 5, -2, 1, -2, 0, 2, 2, -1 ],
    [ -1, 5, 0, -2, -1, 1, 0, -1, -1, 1, 5, -2 ],
    [ 0, 1, -1, 0, 3, -1, -1, 3, 0, -1, 1, 0 ],
    [ 0, 4, 0, -2, 0, 0, 0, 0, 0, 0, 4, -2 ],
    [ 1, 0, 1, -1, -2, 3, 0, 0, 4, 0, -2, 0 ],
    [ -2, 6, 0, -3, -1, 2, -1, 4, 1, -2, -1, 1 ],
    [ 1, 0, 1, -1, -2, 3, 2, -3, -2, 1, 7, -3 ],
    [ -1, 2, 1, 0, -1, 1, 1, -1, -1, 1, 2, 0 ],
    [ 0, 1, 0, -1, 0, 2, 0, 0, 0, 2, 1, -1 ],
    [ -1, 2, 0, -1, 2, 0, 0, 2, -1, 0, 2, -1 ],
    [ 0, 0, -3, 0, 7, -2, 3, -2, -2, 1, 3, -1 ],
    [ 0, -1, 0, 1, 2, 0, 0, 2, 0, 0, -1, 1 ],
    [ 1, 2, 0, -1, -1, 1, 0, -1, 1, 1, 2, -1 ],
    [ 1, -2, -1, 3, 3, -2, 0, 0, -2, 0, 7, -3 ],
    [ 0, 1, 1, 0, 0, 0, 1, 0, 0, 0, 1, 0 ],
    [ 0, 0, 4, 0, -2, 0, 1, 0, 1, -1, -2, 3 ],
    [ 1, -1, -1, 0, 2, 1, -1, 2, 1, 1, -1, 0 ],
    [ 0, 0, 0, 0, 1, 1, 0, 1, 0, 1, 0, 0 ],
    [ 1, -1, -1, 1, 2, 0, -1, 2, 1, 0, -1, 1 ],
    [ -2, 4, 0, 0, 0, 0, 0, 0, -2, 0, 4, 0 ],
    [ 0, 3, 0, -2, -2, 3, 0, -2, 0, 3, 3, -2 ],
    [ 0, 1, -1, 0, 2, 0, 1, 0, 2, 0, -1, 0 ],
    [ -2, 5, 2, -2, -1, 0, 2, -1, -2, 0, 5, -2 ],
    [ 1, -1, 0, 1, 2, -1, 0, 2, 1, -1, -1, 1 ],
    [ 0, -1, 0, 0, 3, 0, 3, -2, -1, 0, 2, 0 ],
    [ 0, 2, 0, -1, -2, 3, 0, 3, 0, 0, -1, 0 ],
    [ 2, -1, -1, 1, 2, -1, -1, 2, 2, -1, -1, 1 ],
    [ -1, 3, 0, -1, 1, 0, 0, 1, -1, 0, 3, -1 ],
    [ 0, 2, -1, -1, 2, 0, -1, 2, 0, 0, 2, -1 ],
    [ -1, 2, 0, 0, 1, 0, 2, -1, 1, 0, 0, 0 ],
    [ -2, 5, 0, -2, -1, 2, 0, -1, -2, 2, 5, -2 ],
    [ 2, -1, -2, 0, 5, -2, -2, 5, 2, -2, -1, 0 ],
    [ -3, 7, 2, -3, -3, 2, 2, -3, -3, 2, 7, -3 ],
    [ 2, -2, 0, 2, 0, 0, 0, 0, 2, 0, -2, 2 ],
    [ 1, 0, -2, 0, 4, -1, -2, 4, 1, -1, 0, 0 ],
    [ 1, -1, -3, 1, 7, -3, 0, 3, 0, 0, -1, 0 ],
    [ 1, 0, 2, 0, -1, 0, 0, 1, -1, 0, 2, 0 ],
    [ -1, 4, 0, -1, 0, 0, 0, 0, -1, 0, 4, -1 ],
    [ 0, 1, 0, 1, 0, 0, 0, 0, 0, 0, 1, 1 ],
    [ -1, 4, 1, -2, -1, 1, -2, 6, 0, -3, -1, 2 ],
    [ 1, -2, 0, 2, 2, -1, 1, -3, -2, 3, 5, -2 ]
];

coeffs:=[ -3178939/5193552, -148520543/14382144, 59023/84448, 571168925/11685492, -25433/14924, 1733075941/186967872, -697273/186967872, 11814419/3338712, 24103609/83096832, -406752649/249290496, 4373683/119392, 
-2090759/238784, -159598951/5193552, -1176551387/166193664, 2899663231/55397888, -45527/108199, -609549/432796, 14428845/3956992, -77998309/8903232, -262249187/973791, 16470137/5193552, -559115/432796, 
18630299/23370984, -4169779/216398, -370661/370968, -4377/2132, -5012179/11685492, 838347/108199, -1024183/186967872, -6811654/108199, -2315923/216398, 33626911/186967872, 50039/66584, 1183157/865592, 
811897/108199, -8922975/865592, 2725465/432796, 561325/30914, -660675/432796, 369583/108199, -6980781/865592, 13016681/649194, -255901/16646, -121709/185484, 1106507/5193552, 1920205/247312, 
-2521481/108199, 2829067/370968, -1328601/1731184, 127149/30914, 169677/108199, 792478/324597, -1741361/1483872, -537296/108199, -1816223/649194, 2072593/865592, 2454601/216398, 7567107/432796, 
56589/66584, 676625/432796, 2, 262425/108199, -1164829/216398, 74031/123656, -4840921/6924736, 1, 23809503/6924736, 170320/108199, -55199/8323, 1376419/216398, -12483/2378, 152553/108199, -419397/61828, 
-1161123/865592, 1851289/216398, 543491/266336, 58755/108199, 3041229/216398, -1584077/216398, -5740307/432796, 371101/216398, 1, -4198231/1731184, -1096569/216398, -12131/533, -612608/74907, 
331741/108199, -1621145/108199, -949701/432796, -750497/108199, -382717/216398, -3432797/1731184, -621182/108199, -1285139/216398, -559115/432796, -576125/973791, -858696/108199, 53773/30914, 
-4251257/432796, -1, 2 ];
