quots:=[
    [ 0, -3, 7, -2, 0, -1, 1, 2 ],
    [ 2, -1, 1, 0, -2, 5, -1, 0 ],
    [ 8, -4, 0, 0, 0, 0, 0, 0 ],
    [ -2, 5, -3, 2, -2, 5, -3, 2 ],
    [ 0, -1, 1, 2, 0, -3, 7, -2 ],
    [ 0, -4, 8, 0, 0, 0, 0, 0 ],
    [ -1, 2, 1, 0, 1, 2, -1, 0 ],
    [ 0, -2, 4, 0, 0, -2, 4, 0 ],
    [ -2, 5, -1, 0, 2, -1, 1, 0 ],
    [ -2, 3, 3, -2, -2, 3, 3, -2 ],
    [ 0, 0, 0, 0, 0, -4, 8, 0 ],
    [ -4, 10, -4, 0, -4, 10, -4, 0 ],
    [ 0, 0, 0, 0, 8, -4, 0, 0 ],
    [ 1, 2, -1, 0, -1, 2, 1, 0 ]
];

coeffs:=[ 2, -2, -1/96, 1, 2, -1/3, -2, 3, -2, 1/4, -41/3, 3/16, -41/96, -2 ];
