quots:=[
    [ -1, 3, -1, 1, 0, -1, 1, 1, 0, -2, 5, -2 ],
    [ 0, 2, -1, 0, 0, -1, 1, 2, 0, 0, 0, 1 ],
    [ 2, -1, 0, -1, 1, 2, 0, 0, 0, 0, 1, 0 ],
    [ -2, 5, -2, 0, 1, 1, -1, 0, 1, -1, 3, -1 ],
    [ 0, 0, 1, 0, 0, 1, -1, 0, 2, 0, 2, -1 ],
    [ 2, -1, 0, 0, -1, 1, 2, 0, 0, 1, 0, 0 ],
    [ 0, 0, 1, 0, 0, 2, 1, -1, 0, 0, -1, 2 ],
    [ -1, 2, 0, 2, 0, -1, 1, 0, 0, 1, 0, 0 ],
    [ 1, 0, 0, -1, 0, 2, 1, 0, 0, 2, -1, 0 ],
    [ 0, 0, 0, 0, 4, 0, -2, 0, 0, 4, -2, 0 ],
    [ 1, -1, 1, -2, 0, 5, 1, -2, 0, -1, 3, -1 ],
    [ 0, 0, 0, 0, 0, 0, -2, 0, 4, 0, -2, 4 ],
    [ -1, 3, -1, 0, -2, 1, 5, 0, -2, 1, -1, 1 ],
    [ 0, 0, 0, 0, -1, 0, 0, 0, 1, 7, -4, 1 ],
    [ 0, 0, 0, 0, 2, 0, -2, 0, 2, 2, -2, 2 ],
    [ 0, 0, 0, 0, 6, 0, -1, 0, -1, -2, 3, -1 ],
    [ 0, 0, 0, 0, -2, 0, 7, 0, -3, -2, 7, -3 ],
    [ 0, -1, 2, 0, 0, 1, 2, 0, -1, 0, 0, 1 ],
    [ 1, 1, 0, 1, 0, 1, 0, 0, 0, 0, 0, 0 ],
    [ 0, 0, 0, 0, -5, 0, 12, 0, -5, 3, -4, 3 ],
    [ 0, 1, 0, 1, -1, 0, 2, 0, 0, 2, -1, 0 ],
    [ 1, 0, 0, 0, 2, 1, -1, 0, 0, -1, 2, 0 ]
];

coeffs:=[-1, -2, 3, 1, -2, 1, -2, -2, -1, 91/30, -1, -832/45, 1, 182/45, -286/45, -13/90, -26/9, 2, 1, -52/45, 3, -2];

