quots:=[
    [ 0, 2, -1, 2, -1, 0, 0, 2, -1, 2, -1, 0 ],
    [ -2, 5, -2, 1, -2, 2, -2, 5, -2, 1, -2, 2 ],
    [ 0, 0, 1, 0, 0, 1, -2, 5, -2, 2, -1, 0 ],
    [ 0, 1, 0, 2, -1, 0, 0, 1, 0, 2, -1, 0 ],
    [ 0, -1, 3, 0, 1, -1, 0, 4, -2, 0, 0, 0 ],
    [ 1, 1, -1, 0, -1, 2, 1, 1, -1, 0, -1, 2 ],
    [ 1, 0, 0, -1, 3, -1, 1, 0, 0, -1, 3, -1 ],
    [ 0, 1, -1, 0, -1, 3, 0, 1, -1, 0, -1, 3 ],
    [ 1, -1, 0, -1, 3, 0, 4, -2, 0, 0, 0, 0 ],
    [ -2, 5, -2, 0, 0, 1, -2, 5, -2, 0, 0, 1 ],
    [ -1, 3, -1, 0, 2, -1, -1, 3, -1, 0, 2, -1 ],
    [ 0, -1, 2, -1, 4, -2, 0, -1, 2, -1, 4, -2 ],
    [ 0, -1, 2, -2, 5, -2, 0, -1, 2, -2, 5, -2 ],
    [ 0, 0, 0, 3, -1, 0, -1, 3, 0, 0, 0, 0 ],
    [ 0, 2, -1, 1, -1, 1, 0, 2, -1, 1, -1, 1 ],
    [ -1, 1, 0, 4, -2, 0, 3, -1, 0, 0, 0, 0 ],
    [ 2, -2, 1, -2, 5, -2, 2, -2, 1, -2, 5, -2 ],
    [ 0, -1, 2, 0, -1, 2, 0, -1, 2, 0, -1, 2 ],
    [ 0, 0, 1, 1, -1, 1, 0, 0, 1, 1, -1, 1 ],
    [ 0, -1, 2, 1, 0, 0, 0, -1, 2, 1, 0, 0 ],
    [ 2, -1, 0, 1, 0, 0, 1, -2, 2, -2, 5, -2 ],
    [ 2, -1, 0, 0, 1, 0, 2, -1, 0, 0, 1, 0 ],
    [ -1, 3, -1, -1, 2, 0, -1, 3, -1, -1, 2, 0 ],
    [ -2, 5, -2, 2, -1, 0, -2, 5, -2, 2, -1, 0 ],
    [ -1, 2, 0, 0, 0, 1, -1, 2, 0, 0, 0, 1 ],
    [ 0, -1, 2, 0, 2, -1, 0, -1, 2, 0, 2, -1 ],
    [ 0, 0, 1, 1, 0, 0, 0, 0, 1, 1, 0, 0 ],
    [ 1, 0, 0, -1, 2, 0, 1, 0, 0, -1, 2, 0 ],
    [ -1, 3, -1, 1, -1, 1, -1, 3, -1, 1, -1, 1 ],
    [ 0, 1, 0, 0, 1, 0, 0, 1, 0, 0, 1, 0 ],
    [ -1, 3, -1, -1, 3, -1, 2, -1, 0, 0, -1, 2 ],
    [ 2, -1, 0, -1, 1, 1, -1, 3, -1, -2, 5, -2 ],
    [ 2, -1, 0, 2, -1, 0, 2, -1, 0, 2, -1, 0 ],
    [ 2, -1, 0, -1, 2, 0, 2, -1, 0, -1, 2, 0 ],
    [ 2, -2, 2, 0, 0, 0, 0, 0, 0, 2, -2, 2 ],
    [ 0, 0, 0, 0, 3, -1, 0, 4, -2, 0, -1, 1 ],
    [ 0, 2, -1, 0, 2, -1, 0, 2, -1, 0, 2, -1 ],
    [ 0, 0, 0, 0, 4, -2, 0, 0, 0, 0, 4, -2 ],
    [ 0, 4, -2, 0, -1, 1, 0, 0, 0, 0, 3, -1 ],
    [ 0, 0, 0, -1, 3, 0, -1, 1, 0, 4, -2, 0 ],
    [ 0, 1, 0, 0, 2, -1, 0, 1, 0, 0, 2, -1 ],
    [ -1, 3, 0, 0, 0, 0, 4, -2, 0, -1, 1, 0 ],
    [ 0, 0, 0, -3, 8, -3, -1, 2, -1, 2, -2, 2 ],
    [ 1, -1, 1, -1, 2, 0, 1, -1, 1, -1, 2, 0 ],
    [ 2, -1, 0, -2, 4, -1, 2, -1, 0, -2, 4, -1 ],
    [ -1, 2, -1, 2, -2, 2, 0, 0, 0, -3, 8, -3 ],
    [ 1, 0, 1, -1, 2, -1, -1, 2, -1, 1, 0, 1 ],
    [ 1, -1, 1, 0, -1, 2, 1, -1, 1, 0, -1, 2 ],
    [ 0, 1, 0, 1, 0, 0, 0, 1, 0, 1, 0, 0 ],
    [ -1, 1, 0, 4, -2, 0, -1, 1, 0, 4, -2, 0 ],
    [ 0, -1, 2, 0, 0, 1, 0, -1, 2, 0, 0, 1 ],
    [ 2, -1, 0, 1, 0, 0, -1, 4, -2, 0, -1, 2 ],
    [ -1, 2, 0, 1, -1, 1, -1, 2, 0, 1, -1, 1 ],
    [ 0, 0, 0, 0, 0, 0, 0, 0, 0, 0, -4, 8 ],
    [ 2, -1, 0, 0, -1, 2, 0, -1, 2, 2, -1, 0 ],
    [ -2, 5, -2, -2, 5, -2, -2, 5, -2, -2, 5, -2 ],
    [ 0, 1, 0, 1, -1, 1, 0, 1, 0, 1, -1, 1 ],
    [ 0, 0, 0, 2, -2, 2, 2, -2, 2, 0, 0, 0 ],
    [ -1, 3, -1, -2, 5, -2, 2, -1, 0, -1, 1, 1 ],
    [ -1, 1, 1, 2, -1, 0, -1, 1, 1, 2, -1, 0 ],
    [ 0, 2, 0, 0, 2, 0, 0, 0, 0, 0, 0, 0 ],
    [ -2, 5, -2, -1, 2, 0, -2, 5, -2, -1, 2, 0 ],
    [ -1, 2, 0, 2, -1, 0, -1, 2, 0, 2, -1, 0 ],
    [ 0, -2, 4, 0, -2, 4, 0, 0, 0, 0, 0, 0 ],
    [ 0, 1, 0, -1, 2, 0, 0, 1, 0, -1, 2, 0 ],
    [ 0, -1, 2, 1, 1, -1, 0, -1, 2, 1, 1, -1 ],
    [ 0, -1, 2, 0, 1, 0, 0, -1, 2, 0, 1, 0 ],
    [ -1, 2, -1, 1, 0, 1, -1, 2, -1, 1, 0, 1 ],
    [ 0, 0, 1, 0, -1, 2, 0, 0, 1, 0, -1, 2 ],
    [ 2, -1, 0, -2, 5, -2, 0, 0, 1, 0, 0, 1 ],
    [ 1, -1, 1, 0, 2, -1, 1, -1, 1, 0, 2, -1 ],
    [ -1, 2, -1, 1, 0, 1, 0, 0, 0, -4, 10, -4 ],
    [ -3, 7, -2, -1, 1, 2, 0, 0, 0, 0, 0, 0 ],
    [ 1, 0, 0, 0, 1, 0, 1, 0, 0, 0, 1, 0 ],
    [ -1, 3, 0, 0, 0, 0, 1, -1, 0, -2, 4, 0 ],
    [ 0, 0, 0, 0, 0, 0, -2, 5, -3, 2, -5, 7 ],
    [ -2, 4, -1, 2, -1, 0, -2, 4, -1, 2, -1, 0 ],
    [ 0, 0, 0, 0, 0, 0, -1, 3, 0, 5, -3, 0 ],
    [ 1, 0, 0, 0, 0, 1, 1, 0, 0, 0, 0, 1 ],
    [ 0, 0, 0, 0, 0, 0, 6, -5, 1, -6, 13, -5 ],
    [ 2, -1, -1, -2, 1, 5, 0, 0, 0, 0, 0, 0 ],
    [ 0, -1, 2, 1, 1, -1, 2, -1, 0, -1, 1, 1 ],
    [ 0, 2, -1, -2, 5, -2, 0, 2, -1, -2, 5, -2 ],
    [ 0, 0, 0, 0, 0, 0, 1, -1, 0, 3, 1, 0 ],
    [ 0, 4, -2, 0, 0, 0, 0, 1, -1, 0, -1, 3 ],
    [ -2, 5, -2, -1, 3, -1, -2, 5, -2, -1, 3, -1 ],
    [ 0, 0, 0, -8, 20, -8, 0, 0, 0, 0, 0, 0 ],
    [ 2, 5, -3, -2, 3, -1, 0, 0, 0, 0, 0, 0 ],
    [ 4, -2, 0, 0, 0, 0, 1, -1, 0, -1, 3, 0 ],
    [ -1, 2, 0, 0, 2, -1, -1, 2, 0, 0, 2, -1 ],
    [ -1, 2, 0, 1, 0, 0, -1, 2, 0, 1, 0, 0 ],
    [ 0, 0, 0, 0, 0, 0, 4, -4, 2, -4, 8, -2 ],
    [ 0, 2, -1, 0, 0, 1, 0, 2, -1, 0, 0, 1 ],
    [ 2, -1, 0, 0, -1, 2, -1, 3, -1, -1, 3, -1 ]
];

coeffs:=[ -106296541/13034688, -303472049/19552032, 65401225/4888008, 52649515/4888008, -836551817/13034688, 15324805/1629336, 18331135/4344896, -836551817/814668, 550360/611001, -230177011/13034688, 
-445730603/19552032, -303472049/19552032, 202151263/13034688, -274546871/9776016, 412013135/13034688, 473469095/78208128, -32088209/9776016, -72628915/1629336, -288026947/9776016, 230177011/6517344, 
11163011/8689792, 40819655/3258672, 25641431/2172448, -136169011/17379584, 46344841/543112, 7365877/224736, -133465117/6517344, -73153339/6517344, -306424309/9776016, -2032457153/19552032, 
-349595993/39104064, -139486273/19552032, -245103493/26069376, 16826465/407334, 12595181/3258672, -29308843/6517344, -1131547073/39104064, 836551817/13034688, 29308843/6517344, 473469095/19552032, 
-892695889/19552032, 274546871/9776016, 27297589/2172448, 326667847/19552032, -3, -27297589/2172448, -18454521/4344896, -103082419/1222002, 2104701/135778, -473469095/78208128, -62212150/611001, 
-11163011/8689792, -51326407/3258672, 431977/4888008, -3060445/67889, -1310583001/156416256, -241075343/4888008, -12595181/3258672, 64039/611001, 15324805/1629336, -5942819053/1525058496, 
109461581/13034688, 17701951/1348416, 28014013/7332012, -163205381/4888008, -20124833/19552032, 2335479/271556, -18454521/4344896, -83162683/1629336, 65401225/4888008, 94489117/6517344, 18454521/4344896, 
-55962585/28241824, 119299733/3258672, 274546871/2444004, 443339203/7332012, -32088209/9776016, 914692333/234624384, -35966495/407334, 48341333/674208, 140070065/14664024, -15726169/2172448, 
-1134053855/78208128, -1068154759/26069376, -836551817/4344896, -447909605/78208128, 815748605/508352832, 11618813/3050116992, -550360/611001, -318576763/39104064, -8631197/1086224, 33290118847/117312192,
-636840037/19552032, 1413220327/39104064 ];
