quots:=[
    [ 3, 0, -2, 0, 3, 0, 0, 0, 0, 0, 0, 0 ],
    [ 0, 0, -1, 0, 3, 3, 0, 0, -1, 0, 0, 0 ],
    [ 0, 0, 0, 0, 0, 3, 0, 0, -2, 0, 3, 0 ],
    [ -2, 1, 7, -4, -3, 0, 3, 0, 1, -2, -3, 6 ],
    [ -2, 1, 6, -3, 0, 1, 0, -2, -3, 6, 0, 0 ],
    [ 0, 0, -1, 2, -1, 0, 2, 0, -2, 3, 2, -1 ],
    [ 2, -1, -2, 1, 4, -2, -2, 4, 0, -1, 2, -1 ],
    [ 2, -1, -2, 1, 4, -2, -2, 1, 6, -3, 0, 0 ],
    [ 0, 0, 6, -3, -2, -1, 1, 2, 1, -2, -2, 4 ],
    [ 4, -2, -1, 0, -1, 1, 2, 1, 0, -1, -1, 2 ],
    [ 1, 1, 0, -1, -1, 2, 2, -1, -1, 0, 1, 1 ],
    [ 0, 0, 1, -2, -3, -1, 6, 2, 0, -1, 1, 1 ],
    [ 4, -2, -2, 1, 2, 2, -1, -1, -1, 0, 1, 1 ],
    [ 0, 0, 0, -1, 0, 0, 3, 0, 0, -1, 0, 3 ],
    [ -2, 4, 0, -1, 2, -2, -1, 1, 6, -3, 0, 0 ],
    [ 0, 0, -3, 6, 1, -1, -2, 2, 1, -2, -2, 4 ],
    [ 1, 1, 0, -1, -1, 1, 2, -2, -3, 6, 0, 0 ],
    [ 1, -2, -3, 6, 0, 0, 0, 0, 1, -2, -3, 6 ],
    [ 0, 0, -2, 3, 2, 0, -1, 0, -1, 2, -1, 2 ]
];

coeffs:=[ 1/6, -55/6, 11/6, 2665/36, -3505/216, -5, 25/18, -35/9, 49555/648, -1615/108, 4250/27, 1615/9, 3325/216, -665/6, 5/2, -4880/81, -2590/27, 580/9, 5 ];
