quots:=[
    [ -2, 4, 0, 0, 0, -2, 0, 1, 6, -2, -2, 1 ],
    [ -2, 4, 1, -2, -1, -2, 2, 4, 0, -1, 2, -1 ],
    [ 2, -1, 0, -1, -2, 0, 4, 0, 1, -2, -3, 6 ],
    [ -2, 4, 0, -1, 2, 0, -1, 0, -3, 6, 1, -2 ],
    [ 0, 0, -3, 6, 1, 1, -2, -2, -4, 7, 3, -3 ],
    [ -2, 4, 0, -1, 2, 0, -1, 0, 1, -2, -3, 6 ],
    [ 1, 1, -1, 0, 2, 1, -1, 1, 0, -1, -1, 2 ],
    [ -3, 6, 1, -2, 0, -1, 0, 2, -1, 0, 4, -2 ],
    [ 0, 3, 0, -1, 0, -3, 0, 3, 7, -4, -2, 1 ],
    [ 0, 0, -3, 6, 1, 1, -2, 1, 0, -1, -1, 2 ],
    [ -3, 3, 7, -4, -2, 1, 1, 1, -1, 0, 2, -1 ],
    [ 0, 0, -1, 0, 3, 1, 0, -2, -3, 6, 0, 0 ],
    [ 0, 0, 0, 0, 0, -1, 0, 2, 6, -4, -1, 2 ],
    [ 1, 1, -1, 0, 2, 3, -1, -3, -4, 7, 1, -2 ],
    [ 1, -2, -3, 6, 0, 0, 0, 0, 1, -2, -3, 6 ],
    [ 0, 0, -3, 6, 1, 2, -2, -1, -1, 0, 1, 1 ],
    [ -1, 2, 6, -4, -1, 0, 2, 0, 0, 0, 0, 0 ],
    [ -2, 1, 8, -4, -2, -2, 1, 4, 2, -2, 0, 0 ]
];

coeffs:=[ -4/3, 151/75, 618/25, -16/9, -23/25, -362/25, 219/25, 2, 2/3, -1252/75, -11/25, -2, 11/3, 256/225, 668/25, 499/75, 1/3, -2/3 ];
