quots:=
[
    [ 0, 0, 0, 8, -4, 0 ],
    [ 0, -4, 8, 0, 0, 0 ],
    [ 8, -4, 0, 0, 0, 0 ],
    [ 0, 0, 0, 0, -4, 8 ],
    [ -8, 20, -8, 0, 0, 0 ],
    [ 0, -2, 4, 0, -2, 4 ],
    [ 1, -2, 3, 1, -2, 3 ],
    [ 2, -2, 2, 2, -2, 2 ],
    [ 3, -2, 1, 3, -2, 1 ],
    [ 4, -2, 0, 4, -2, 0 ],
    [ -1, 1, 2, -1, 1, 2 ],
    [ 0, 1, 1, 0, 1, 1 ],
    [ 1, 1, 0, 1, 1, 0 ],
    [ 2, 1, -1, 2, 1, -1 ],
    [ -2, 4, 0, -2, 4, 0 ],
    [ -1, 4, -1, -1, 4, -1 ],
    [ 0, 4, -2, 0, 4, -2 ],
    [ -3, 7, -2, -3, 7, -2 ],
    [ -2, 7, -3, -2, 7, -3 ],
    [ -4, 10, -4, -4, 10, -4 ],
    [ 0, 0, 0, -8, 20, -8 ]
];
