quots:=
[
    [ -8, 20, -8, 0, 0, 0 ],
    [ 0, 0, 0, 0, -4, 8 ],
    [ -3, 8, -3, 1, 0, 1 ],
    [ -4, 10, -4, -4, 10, -4 ],
    [ 8, -4, 0, 0, 0, 0 ],
    [ -2, 4, 0, -2, 4, 0 ],
    [ 0, 3, -1, 0, -1, 3 ],
    [ 4, -2, 0, 4, -2, 0 ],
    [ 0, -2, 4, 0, -2, 4 ],
    [ 0, 0, 0, 8, -4, 0 ],
    [ -1, 3, 0, 3, -1, 0 ],
    [ 0, 4, -2, 0, 4, -2 ],
    [ 0, -4, 8, 0, 0, 0 ],
    [ 0, 0, 0, -8, 20, -8 ],
    [ 3, -1, 0, -1, 3, 0 ],
    [ 1, 0, 1, -3, 8, -3 ],
    [ 0, -1, 3, 0, 3, -1 ],
    [ 2, -2, 2, 2, -2, 2 ]
];
