quots:=
[
    [ 0, -4, 8, 0, 0, 0 ],
    [ 0, 0, 0, 0, -4, 8 ],
    [ 3, -2, 3, -1, 2, -1 ],
    [ -1, 2, -1, 3, -2, 3 ],
    [ 1, -3, 4, -3, 9, -4 ],
    [ -3, 7, 0, 1, -1, 0 ],
    [ -3, 9, -4, 1, -3, 4 ],
    [ 1, -1, 0, -3, 7, 0 ],
    [ -1, 0, 3, 3, 0, -1 ],
    [ 3, 0, -1, -1, 0, 3 ],
    [ 8, -4, 0, 0, 0, 0 ],
    [ 0, 0, 0, 8, -4, 0 ],
    [ 4, -3, 1, -4, 9, -3 ],
    [ 0, 7, -3, 0, -1, 1 ],
    [ -4, 9, -3, 4, -3, 1 ],
    [ 0, -1, 1, 0, 7, -3 ],
    [ 0, 0, 0, -8, 20, -8 ],
    [ -4, 10, -4, -4, 10, -4 ],
    [ 0, 4, -2, 0, 4, -2 ],
    [ -2, 6, -2, -2, 6, -2 ],
    [ 4, -2, 0, 4, -2, 0 ],
    [ 2, 0, 0, 2, 0, 0 ],
    [ 0, 2, 0, 0, 2, 0 ],
    [ -2, 4, 0, -2, 4, 0 ],
    [ 2, -2, 2, 2, -2, 2 ],
    [ 0, 0, 2, 0, 0, 2 ],
    [ 0, -2, 4, 0, -2, 4 ],
    [ -8, 20, -8, 0, 0, 0 ]
];
